{
 "cells": [
  {
   "cell_type": "code",
   "execution_count": 1,
   "metadata": {},
   "outputs": [],
   "source": [
    "import matplotlib.pyplot as plt\n",
    "import numpy as np"
   ]
  },
  {
   "cell_type": "code",
   "execution_count": 2,
   "metadata": {},
   "outputs": [
    {
     "name": "stdout",
     "output_type": "stream",
     "text": [
      "True\n"
     ]
    }
   ],
   "source": [
    "p = np.fromfile(\"p.bin\", dtype=float)\n",
    "p_ref = np.fromfile(\"p_ref.bin\", dtype=float)\n",
    "print(np.allclose(p, p_ref))"
   ]
  },
  {
   "cell_type": "code",
   "execution_count": 3,
   "metadata": {},
   "outputs": [
    {
     "data": {
      "text/plain": [
       "array([ 0.00323656,  0.01446788,  0.03412289,  0.05884382,  0.0852534 ,\n",
       "        0.10997433,  0.12962935,  0.14086066,  0.01446788,  0.01922607,\n",
       "        0.02992757,  0.04429118,  0.05987549,  0.0742391 ,  0.08494059,\n",
       "        0.08969879,  0.03412289,  0.02992757,  0.0289917 ,  0.03025309,\n",
       "        0.03224691,  0.0335083 ,  0.03257243,  0.02837711,  0.05884382,\n",
       "        0.04429118,  0.03025309,  0.01694743,  0.0038859 , -0.00941976,\n",
       "       -0.02345785, -0.03801049,  0.0852534 ,  0.05987549,  0.03224691,\n",
       "        0.0038859 , -0.02471924, -0.05308024, -0.08070882, -0.10608673,\n",
       "        0.10997433,  0.0742391 ,  0.0335083 , -0.00941976, -0.05308024,\n",
       "       -0.0960083 , -0.1367391 , -0.17247433,  0.12962935,  0.08494059,\n",
       "        0.03257243, -0.02345785, -0.08070882, -0.1367391 , -0.18910726,\n",
       "       -0.23379601,  0.14086066,  0.08969879,  0.02837711, -0.03801049,\n",
       "       -0.10608673, -0.17247433, -0.23379601, -0.28495789])"
      ]
     },
     "execution_count": 3,
     "metadata": {},
     "output_type": "execute_result"
    }
   ],
   "source": [
    "p"
   ]
  },
  {
   "cell_type": "code",
   "execution_count": 4,
   "metadata": {},
   "outputs": [
    {
     "data": {
      "text/plain": [
       "array([ 1.04511961e-03,  9.90893504e-04,  8.90875086e-04,  7.60396690e-04,\n",
       "        6.19252154e-04,  4.88773758e-04,  3.88755340e-04,  3.34529238e-04,\n",
       "        9.90893504e-04,  9.28628705e-04,  8.13958643e-04,  6.64538465e-04,\n",
       "        5.02970826e-04,  3.53550648e-04,  2.38880586e-04,  1.76615787e-04,\n",
       "        8.90875086e-04,  8.13958643e-04,  6.72575313e-04,  4.88612380e-04,\n",
       "        2.89797789e-04,  1.05834857e-04, -3.55484727e-05, -1.12464917e-04,\n",
       "        7.60396690e-04,  6.64538465e-04,  4.88612380e-04,  2.59975573e-04,\n",
       "        1.29872092e-05, -2.15649598e-04, -3.91575682e-04, -4.87433908e-04,\n",
       "        6.19252154e-04,  5.02970826e-04,  2.89797789e-04,  1.29872092e-05,\n",
       "       -2.85949991e-04, -5.62760571e-04, -7.75933608e-04, -8.92214936e-04,\n",
       "        4.88773758e-04,  3.53550648e-04,  1.05834857e-04, -2.15649598e-04,\n",
       "       -5.62760571e-04, -8.84245027e-04, -1.13196082e-03, -1.26718393e-03,\n",
       "        3.88755340e-04,  2.38880586e-04, -3.55484727e-05, -3.91575682e-04,\n",
       "       -7.75933608e-04, -1.13196082e-03, -1.40638988e-03, -1.55626463e-03,\n",
       "        3.34529238e-04,  1.76615787e-04, -1.12464917e-04, -4.87433908e-04,\n",
       "       -8.92214936e-04, -1.26718393e-03, -1.55626463e-03, -1.71417808e-03])"
      ]
     },
     "execution_count": 4,
     "metadata": {},
     "output_type": "execute_result"
    }
   ],
   "source": [
    "p_ref"
   ]
  }
 ],
 "metadata": {
  "kernelspec": {
   "display_name": "regular_stack",
   "language": "python",
   "name": "python3"
  },
  "language_info": {
   "codemirror_mode": {
    "name": "ipython",
    "version": 3
   },
   "file_extension": ".py",
   "mimetype": "text/x-python",
   "name": "python",
   "nbconvert_exporter": "python",
   "pygments_lexer": "ipython3",
   "version": "3.11.8"
  }
 },
 "nbformat": 4,
 "nbformat_minor": 2
}
